a=[ 1 3 6 8 9 ];
b=a(1,:)+1
